# This file has been generated with GNU afmtodit (groff) version 1.20
#
#   FullName Courier Bold Oblique
#   Version 004.000
#   FamilyName Courier
#
# The original AFM file contains the following comments:
#
#   Notice Copyright (c) 1989, 1990, 1991, 1993, 1996, 1997, 1998 Adobe Systems Incorporated.  All Rights Reserved.
#   Comment Copyright (c) 1989, 1990, 1991, 1993, 1996, 1997, 1998 Adobe Systems Incorporated.  All Rights Reserved.
#   Comment Creation Date: Wed Aug 26 16:53:05 1998
#   Comment UniqueID 44055
#   Comment VMusage 11931 56737

name CBI
internalname Courier-BoldOblique
slant 11
spacewidth 600
encoding text.enc

charset
ha	600,750,0,57,-146,57	2	0	asciicircum
ti	600,311,0,24,-64,24	0	1	asciitilde
vS	600,811,13,112,-21,67	2	2	Scaron
vZ	600,811,0,102,-26,67	2	3	Zcaron
vs	600,679,12,92,-34,67	2	4	scaron
vz	600,679,0,81,-42,67	2	5	zcaron
:Y	600,789,0,145,-69,67	2	6	Ydieresis
tm	600,678,0,128,-129,67	2	7	trademark
aq	600,572,0,0,-246	2	8	quotesingle
Eu	600,612,12,148,7,67	2	9	Euro
space	600	0	32	space
!	600,572,12,0,-172	2	33	exclam
"	600,572,0,24,-163,24	2	34	quotedbl
dq	"
#	600,649,52,66,-48,66	2	35	numbersign
sh	"
$	600,646,124,54,-58,54	2	36	dollar
Do	"
%	600,617,33,50,-74,50	2	37	percent
&	600,539,12,41,-39,41	0	38	ampersand
'	600,572,0,0,-162	2	39	quoteright
cq	"
(	600,643,86,59,-259,59	2	40	parenleft
)	600,643,86,0,-50	2	41	parenright
*	600,570,0,28,-114,28	2	42	asterisk
+	600,438,0,19,-67,19	0	43	plus
,	600,163,100,0,-83	0	44	comma
-	600,282,0,0,-127	0	45	hyphen
hy	"
.	600,153,12,0,-168	0	46	period
/	600,696,133,108,-4,67	2	47	slash
sl	"
0	600,612,12,24,-94,24	2	48	zero
1	600,615,0,0,-44	2	49	one
2	600,613,0,20,-22,20	2	50	two
3	600,612,12,0,-27	2	51	three
4	600,613,0,0,-48	2	52	four
5	600,601,12,50,-36,50	2	53	five
6	600,612,12,68,-92,67	2	54	six
7	600,601,0,52,-106,52	2	55	seven
8	600,613,11,33,-74,33	2	56	eight
9	600,612,14,26,-51,26	2	57	nine
:	600,403,12,0,-168	0	58	colon
;	600,403,100,0,-83	0	59	semicolon
<	600,446,8,41,-55,41	0	60	less
=	600,339,0,31,-52,31	0	61	equal
>	600,446,8,43,-56,43	0	62	greater
?	600,582,13,24,-141,24	2	63	question
@	600,579,18,100,-15,67	2	64	at
at	"
A	600,572,0,65,46,65	2	65	A
B	600,572,0,55,14,55	2	66	B
C	600,583,12,128,-51,67	2	67	C
D	600,572,0,79,24,67	2	68	D
E	600,572,0,113,2,67	2	69	E
F	600,572,0,120,-13,67	2	70	F
G	600,583,12,114,-38,67	2	71	G
H	600,572,0,141,25,67	2	72	H
I	600,572,0,74,-40,67	2	73	I
J	600,572,12,151,-15,67	2	74	J
K	600,572,0,111,20,67	2	75	K
L	600,572,0,61,-1,61	2	76	L
M	600,572,0,174,39,67	2	77	M
N	600,572,0,167,36,67	2	78	N
O	600,583,12,78,-33,67	2	79	O
P	600,572,0,74,-10,67	2	80	P
Q	600,584,143,76,-33,67	2	81	Q
R	600,572,0,54,4,54	2	82	R
S	600,583,13,76,-21,67	2	83	S
T	600,572,0,125,-58,67	2	84	T
U	600,572,12,160,-63,67	2	85	U
V	600,572,0,163,-42,67	2	86	V
W	600,572,0,168,-41,67	2	87	W
X	600,572,0,119,25,67	2	88	X
Y	600,572,0,145,-69,67	2	89	Y
Z	600,572,0,67,-26,67	2	90	Z
[	600,643,86,74,-222,67	2	91	bracketleft
lB	"
\	600,695,133,0,-156	2	92	backslash
rs	"
]	600,643,86,0,-34	2	93	bracketright
rB	"
a^	600,679,0,60,-153,60	2	94	circumflex
^	"
_	600,0,249,12,99,12	1	95	underscore
`	600,572,0,0,-271	2	96	quoteleft
oq	"
a	600,448,12,33,-31,33	0	97	a
b	600,621,12,50,40,50	2	98	b
c	600,448,12,48,-46,48	0	99	c
d	600,621,12,85,-32,67	2	100	d
e	600,447,12,43,-52,43	0	101	e
f	600,621,0,107,-62,67	2	102	f
g	600,447,184,113,12,67	1	103	g
h	600,621,0,57,11,57	2	104	h
i	600,642,0,0,-40	2	105	i
j	600,641,184,0,-4	3	106	j
k	600,621,0,77,0,67	2	107	k
l	600,621,0,0,-41	2	108	l
m	600,447,0,84,65,67	0	109	m
n	600,447,0,45,25,45	0	110	n
o	600,448,12,52,-31,52	0	111	o
p	600,447,183,56,72,56	1	112	p
q	600,447,183,128,-37,67	1	113	q
r	600,448,0,86,-20,67	0	114	r
s	600,448,12,43,-34,43	0	115	s
t	600,567,12,23,-110,23	2	116	t
u	600,434,12,42,-38,42	0	117	u
v	600,434,0,123,-28,67	0	118	v
w	600,434,0,142,-10,67	0	119	w
x	600,434,0,91,32,67	0	120	x
y	600,434,183,124,39,67	1	121	y
z	600,434,0,41,-42,41	0	122	z
lC	600,764,228,78,-113,67	3	123	braceleft
{	"
ba	600,750,249,0,-176	3	124	bar
|	"
rC	600,764,228,0,-26	3	125	braceright
}	"
a~	600,644,0,98,-150,67	2	126	tilde
~	"
bq	600,163,100,0,-83	0	128	quotesinglbase
Fo	600,423,0,80,-34,67	0	129	guillemotleft
Fc	600,423,0,53,-7,53	0	130	guillemotright
bu	600,482,0,0,-125	0	131	bullet
Fn	600,618,119,126,90,67	2	132	florin
f/	600,634,85,163,31,67	2	133	fraction
%0	600,617,33,171,64,67	2	134	perthousand
dg	600,572,44,16,-131,16	2	135	dagger
dd	600,572,42,16,-95,16	2	136	daggerdbl
en	600,282,0,27,-63,27	0	137	endash
em	600,282,0,104,14,67	0	138	emdash
fi	600,642,0,74,41,67	2	140	fi
fl	600,621,0,67,44,67	2	141	fl
.i	600,434,0,0,-38	0	144	dotlessi
ga	600,678,0,37,-214,37	2	146	grave
a"	600,710,0,175,-214,67	2	147	hungarumlaut
a.	600,641,0,0,-299	2	148	dotaccent
ab	600,657,0,102,-169,67	2	149	breve
ah	600,679,0,81,-175,67	2	150	caron
ao	600,717,0,0,-268	2	151	ring
ho	600,22,177,0,-253	0	152	ogonek
lq	600,572,0,54,-169,54	2	153	quotedblleft
rq	600,572,0,47,-61,47	2	154	quotedblright
oe	600,446,12,100,12,67	0	155	oe
/l	600,621,0,0,-39	2	156	lslash
Bq	600,163,101,0,18	0	157	quotedblbase
OE	600,572,0,170,2,67	2	158	OE
/L	600,572,0,61,-1,61	2	159	Lslash
r!	600,447,136,0,-162	0	161	exclamdown
ct	600,605,52,50,-97,50	2	162	cent
Po	600,612,27,81,-69,67	2	163	sterling
Cs	600,605,0,123,-12,67	2	164	currency
Ye	600,601,0,145,-72,67	2	165	yen
bb	600,724,224,0,-181	3	166	brokenbar
sc	600,584,63,52,-58,52	2	167	section
ad	600,640,0,17,-209,17	2	168	dieresis
co	600,744,0,87,-111,67	2	169	copyright
Of	600,612,0,0,-208	2	170	ordfeminine
fo	600,423,0,0,-122	0	171	guilsinglleft
tno	600,358,0,35,-87,35	0	172	logicalnot
\-	600,266,0,17,-69,17	0	173	minus
rg	600,744,0,87,-111,67	2	174	registered
a-	600,591,0,75,-137,67	2	175	macron
de	600,612,0,0,-186	2	176	degree
t+-	600,438,127,20,-9,20	0	177	plusminus
S2	600,607,0,0,-141	2	178	twosuperior
S3	600,607,0,0,-140	2	179	threesuperior
aa	600,678,0,64,-233,64	2	180	acute
mc	600,434,167,46,-18,46	0	181	mu
ps	600,745,154,105,-143,67	2	182	paragraph
pc	600,386,0,0,-213	0	183	periodcentered
ac	600,0,207,0,-154	1	184	cedilla
S1	600,607,0,0,-156	2	185	onesuperior
Om	600,612,0,0,-206	2	186	ordmasculine
fc	600,423,0,0,-112	0	187	guilsinglright
14	600,625,91,208,-9,67	2	188	onequarter
12	600,625,91,172,24,67	2	189	onehalf
34	600,626,91,187,9,67	2	190	threequarters
r?	600,446,149,0,-58	0	191	questiondown
`A	600,811,0,65,46,65	2	192	Agrave
'A	600,811,0,76,46,67	2	193	Aacute
^A	600,811,0,74,46,67	2	194	Acircumflex
~A	600,777,0,114,46,67	2	195	Atilde
:A	600,789,0,65,46,65	2	196	Adieresis
oA	600,800,0,65,46,65	2	197	Aring
AE	600,572,0,158,34,67	2	198	AE
,C	600,583,204,123,-50,67	3	199	Ccedilla
`E	600,811,0,113,2,67	2	200	Egrave
'E	600,811,0,113,2,67	2	201	Eacute
^E	600,811,0,113,2,67	2	202	Ecircumflex
:E	600,789,0,113,2,67	2	203	Edieresis
`I	600,811,0,74,-40,67	2	204	Igrave
'I	600,811,0,88,-40,67	2	205	Iacute
^I	600,811,0,86,-40,67	2	206	Icircumflex
:I	600,789,0,74,-40,67	2	207	Idieresis
-D	600,572,0,79,24,67	2	208	Eth
~N	600,777,0,167,36,67	2	209	Ntilde
`O	600,811,12,78,-33,67	2	210	Ograve
'O	600,811,12,88,-33,67	2	211	Oacute
^O	600,811,12,86,-33,67	2	212	Ocircumflex
~O	600,777,12,126,-33,67	2	213	Otilde
:O	600,789,12,78,-33,67	2	214	Odieresis
tmu	600,441,0,48,-48,48	0	215	multiply
/O	600,585,19,108,-3,67	2	216	Oslash
`U	600,811,12,160,-63,67	2	217	Ugrave
'U	600,811,12,160,-63,67	2	218	Uacute
^U	600,811,12,160,-63,67	2	219	Ucircumflex
:U	600,789,12,160,-63,67	2	220	Udieresis
'Y	600,811,0,145,-69,67	2	221	Yacute
TP	600,572,0,83,41,67	2	222	Thorn
ss	600,621,12,53,23,53	2	223	germandbls
`a	600,678,12,33,-31,33	2	224	agrave
'a	600,678,12,59,-31,59	2	225	aacute
^a	600,679,12,55,-31,55	2	226	acircumflex
~a	600,644,12,93,-31,67	2	227	atilde
:a	600,640,12,33,-31,33	2	228	adieresis
oa	600,717,12,33,-31,33	2	229	aring
ae	600,446,12,86,18,67	0	230	ae
,c	600,448,206,48,-46,48	1	231	ccedilla
`e	600,678,12,44,-52,44	2	232	egrave
'e	600,678,12,71,-52,67	2	233	eacute
^e	600,679,12,67,-52,67	2	234	ecircumflex
:e	600,640,12,43,-52,43	2	235	edieresis
`i	600,678,0,24,-38,24	2	236	igrave
'i	600,678,0,51,-38,51	2	237	iacute
^i	600,679,0,47,-38,47	2	238	icircumflex
:i	600,640,0,4,-38,4	2	239	idieresis
Sd	600,693,12,49,-41,49	2	240	eth
~n	600,644,0,98,25,67	2	241	ntilde
`o	600,678,12,52,-31,52	2	242	ograve
'o	600,678,12,64,-31,64	2	243	oacute
^o	600,679,12,60,-31,60	2	244	ocircumflex
~o	600,644,12,98,-31,67	2	245	otilde
:o	600,640,12,52,-31,52	2	246	odieresis
tdi	600,425,0,15,-75,15	0	247	divide
/o	600,452,22,75,-7,67	0	248	oslash
`u	600,678,12,42,-38,42	2	249	ugrave
'u	600,678,12,44,-38,44	2	250	uacute
^u	600,679,12,42,-38,42	2	251	ucircumflex
:u	600,640,12,42,-38,42	2	252	udieresis
'y	600,678,183,124,39,67	3	253	yacute
Tp	600,618,183,56,72,56	3	254	thorn
:y	600,640,183,124,39,67	3	255	ydieresis
u2026	600,111,12,47,19,47	0	256	ellipsis
